Matriz A (7x3):
79 99 3 
46 58 41 
7 37 22 
58 19 13 
40 26 55 
8 98 62 
87 58 91 

Matriz B (3x6):
47 16 41 26 61 34 
18 68 26 63 99 77 
19 98 87 12 57 24 

Matriz C (9x9):
87 53 63 34 30 95 19 61 21 
47 4 52 80 28 81 94 83 78 
26 25 43 63 43 14 19 76 89 
96 44 5 24 84 58 40 18 40 
87 89 1 8 36 57 13 17 38 
94 11 21 72 37 46 67 53 89 
81 72 18 23 20 62 28 96 98 
38 36 17 78 24 6 31 84 95 
88 97 12 26 43 23 99 68 12 

Matriz D (9x9):
97 35 65 39 17 89 57 92 61 
71 20 58 70 10 46 87 40 70 
45 23 7 40 63 56 52 42 0 
27 41 68 92 91 3 9 30 72 
51 87 64 12 58 36 22 28 46 
69 67 86 91 13 9 50 53 73 
7 58 15 7 85 8 27 29 99 
82 39 29 55 42 68 71 54 79 
8 29 59 6 98 27 45 41 40 

