1115811531
1127143943
161496558
904072362
1241740046
1083521846
395345400
1015606426
2056972745
410349749
712515396
1949196067
629876357
610497949
1274364899
598990251
18113975
1926820852
5498612
426739809
560701002
1564699263
829063502
1582514235
1812291729
998269740
192624762
298494157
202118666
1192868529
2127865183
1317930197
172528824
141878093
74518911
1414268871
1225399939
469864311
282391649
1134889037
880214060
994907045
936601456
1510090417
1605404995
63482707
2109080668
1623518970
1990303560
2114579280
2050258780
403520914
1531794895
731838634
1986035149
1196602977
1730108374
31176263
1495097134
1932227040
1224044792
1475478670
1102673589
1396573617
1617356763
1177192500
663358840
695273055
1647056811
945750489
1830162092
379787223
1940657534
619279900
1889877640
1398578881
682762608
1851474660
874614204
525582520
1818570293
777389336
929103434
1202881540
1509227970
767654935
252000869
1091852696
798831199
1747098004
876596089
2022875991
1075093026
1979269678
1271965960
544966141
1008978531
1935324800
1240239196
508551694
